0.00702540000202134
0.0222465999977430
0.0381875000020955
0.0550258000002941
0.0727186000003712
0.0880899000039790
0.104855600002338
0.121408999999403
0.137986200003070
0.154782400000840
0.171202400000766
0.187786100010271
0.204706800010172
0.221317600007751
0.237999100005254
0.255184000008740
0.271532900005695
0.288237100001425
0.305214200008777
0.321628799996688
0.338455700009945
0.355242200006614
0.371836600010283
0.388426000004984
0.405153300001984
0.421643699999549
0.438554300009855
0.455110199996852
0.471738400010509
0.488675900007365
0.505205200010096
0.521109799999977
0.537951300007990
0.554745600005845
0.571786000000429
0.588651900005061
0.605049899997539
0.621765800009598
0.638435200002277
0.654756999996607
0.671726000000490
0.688384300010512
0.705137500001001
0.721703300005174
0.738386500001070
0.755107700009830
0.772058000002289
0.788487400001031
0.804862500008312
0.821104700007709
0.838112800003728
0.854713200009428
0.871245000002091
0.888859500002582
0.905528400006006
0.922282100000302
0.939002600003732
0.955686000001151
0.972307700008969
0.988760200008983
1.00566280000203
1.02119650000532
1.03838810000161
1.05537329999788
1.07201590000477
1.08874439999636
1.10484840000572
1.12194199999794
1.13869230001001
1.15528520000225
1.17200449999655
1.18939919999684
1.20529169999645
1.22199289999844
1.23854540000320
1.25533549999818
1.27184440000565
1.28863830000046
1.30519230000209
1.32175370000186
1.33866090000083
1.35527549999824
1.37180700000317
1.38868489999732
1.40525280000293
1.42202720000932
1.43843390000984
1.45538939999824
1.47199869999895
1.48864890000550
1.50539350000327
1.52178500000446
1.53862540000409
