0.0165271000005305
0.0326292999961879
0.0486743000074057
0.0664389000012307
0.0832469000015408
0.0993342000001576
0.115068300001440
0.131913899997016
0.148496499998146
0.165597600003821
0.182331400006660
0.198470799994539
0.215203300002031
0.232079499997781
0.248552899996866
0.265578599995934
0.282171400001971
0.299212500001886
0.314946700003929
0.331855700002052
0.348445499999798
0.365093500004150
0.381698199998937
0.398485800003982
0.415032000004430
0.432035200006794
0.448517500000889
0.465392199999769
0.481699900003150
0.498763900002814
0.515595899996697
0.532537999999477
0.548882500006585
0.565686799993273
0.582407399997464
0.599196800001664
0.615441899994039
0.633149100001901
0.649204000001191
0.666011299996171
0.682501400006004
0.699193399996148
0.715727300004801
0.732712900004117
0.749165999994148
0.765914899995551
0.782435999994050
0.799253999997745
0.815193100002944
0.831927499995800
0.848490200005472
0.865731900004903
0.881695100004436
0.898572000005515
0.914991900004679
0.931864500002121
0.948313700006111
0.965185900000506
0.981620799997472
0.998764300005860
1.01499779999722
1.03211450000526
1.04848090000451
1.06542189999891
1.08187389999512
1.09865800000262
1.11525099999562
1.13207069999771
1.14855349999561
1.16534680000041
1.18177819999983
1.19883219999610
1.21525199999451
1.23208010000235
1.24844900000608
1.26537480000115
1.28193280000414
1.29888960000244
1.31564179999987
1.33266869999352
1.34900729999936
1.36599269999715
1.38226460000442
1.39922859999933
